68 0 100
42 0 100
10 0 101
54 0 101
73 0 101
79 0 102
15 0 102
67 0 102
97 0 103
63 0 103
72 0 104
32 0 104
66 0 104
2 0 104
54 0 105
47 0 105
49 0 105
99 0 105
88 0 106
73 0 107
80 0 108
56 0 108
48 0 109
73 0 109
12 0 109
85 0 110
24 0 110
75 0 111
63 0 111
48 0 111
26 0 112
63 0 112
12 0 113
54 0 113
73 0 114
71 0 114
54 0 114
63 0 114
8 0 115
77 0 116
54 0 117
56 0 117
63 0 118
56 0 118
59 0 118
56 0 119
64 0 119
0 0 120
87 0 121
34 0 121
58 0 121
98 0 121
96 0 122
36 0 122
14 0 122
50 0 123
40 0 123
63 0 124
84 0 124
73 0 125
25 0 125
69 0 126
78 0 126
37 0 127
44 0 127
54 0 128
7 0 128
28 0 128
30 0 128
13 0 129
22 0 129
46 0 130
54 0 130
27 0 131
56 0 131
38 0 131
68 0 131
65 0 132
59 0 132
73 0 132
20 0 132
73 0 133
55 0 134
17 0 134
73 0 134
36 0 134
73 0 135
73 0 135
63 0 135
1 0 136
31 0 136
63 0 136
4 0 136
19 0 137
92 0 137
5 0 137
73 0 138
53 0 138
90 0 138
80 0 138
6 0 139
76 0 139
52 0 140
84 0 140
78 0 140
63 0 141
54 0 141
9 0 141
56 0 141
70 0 141
61 0 142
39 0 143
51 0 143
73 0 144
57 0 144
54 0 144
33 0 145
73 0 145
52 0 145
73 0 145
93 0 146
94 0 146
54 0 146
45 0 147
86 0 148
73 0 148
95 0 148
29 0 148
6 0 149
21 0 149
3 0 150
73 0 150
54 0 150
95 0 151
62 0 151
41 0 152
52 0 152
82 0 152
63 0 153
19 0 153
73 0 154
73 0 154
28 0 155
89 0 155
37 0 156
11 0 156
63 0 157
56 0 157
18 0 157
83 0 157
35 0 158
28 0 158
73 0 159
100 1 196
101 1 190
102 1 186
103 1 191
104 1 195
105 1 182
106 1 183
107 1 194
108 1 183
109 1 192
110 1 187
111 1 190
112 1 194
113 1 197
114 1 184
115 1 195
116 1 196
117 1 196
118 1 189
119 1 183
120 1 187
121 1 192
122 1 180
123 1 181
124 1 181
125 1 194
126 1 187
127 1 190
128 1 185
129 1 199
130 1 196
131 1 188
132 1 198
133 1 198
134 1 181
135 1 181
136 1 185
137 1 194
138 1 192
139 1 188
140 1 191
141 1 192
142 1 196
143 1 193
144 1 187
145 1 199
146 1 186
147 1 191
148 1 180
149 1 196
150 1 180
151 1 181
152 1 184
153 1 199
154 1 187
155 1 182
156 1 190
157 1 199
158 1 189
159 1 181
120 3 160
109 3 160
153 3 160
146 3 161
106 3 162
136 3 163
127 3 164
150 3 165
110 3 166
114 3 166
103 3 166
102 3 166
113 3 166
137 3 167
133 3 168
112 3 168
104 3 169
149 3 170
157 3 171
140 3 172
139 3 173
143 3 174
151 3 175
118 3 176
131 3 177
134 3 178
155 3 179
180 2 215
181 2 282
182 2 268
183 2 255
184 2 291
185 2 295
186 2 212
187 2 268
188 2 298
189 2 225
190 2 277
191 2 200
192 2 285
193 2 297
194 2 222
195 2 268
196 2 235
197 2 230
198 2 212
199 2 212
